100 
100 
85 
85 
85 
100 
100 
100 
100 
100 
100 
30 
100 
\N 
95 
100 
100 
\N 
95 
85 
75 
100 
100 
100 
75 
95 
85 
100 
100 
100 
85 
30 
100 
100 
90 
85 
100 
100 
100 
100 
100 
95 
100 
100 
100 
\N 
55 
55 
90 
100 
100 
100 
100 
\N 
100 
80 
100 
100 
70 
100 
100 
100 
90 
100 
100 
80 
100 
100 
100 
100 
100 
100 
90 
\N 
95 
100 
75 
75 
75 
100 
95 
100 
85 
100 
100 
100 
70 
90 
100 
\N 
100 
90 
100 
100 
60 
\N 
\N 
100 
100 
\N 
100 
100 
85 
\N 
\N 
\N 
\N 
100 
100 
\N 
\N 
\N 
\N 
\N 
\N 
\N 
100 
\N 
\N 
100 
75 
100 
70 
100 
85 
85 
100 
85 
\N 
100 
100 
100 
\N 
80 
100 
90 
100 
100 
90 
85 
100 
75 
90 
\N 
100 
100 
100 
100 
100 
\N 
\N 
90 
100 
80 
90 
\N 
90 
90 
\N 
\N 
100 
90 
100 
\N 
100 

